1
2
4
0
0
5
5
1
0
2
5
1
1
1
5
10
8
2
0
1
8
10
7
5
5
7
7
7
9
7
7
5
7
5
5
6
7
5
0
3
7
5
3
0
4
6
1
4
2
3
3
0
10
5
5
5
6
1
6
0
11
0
7
7
8
10
5
5
5
4
2
8
2
4
0
10
0
6
5
2
9
5
5
11
1
0
8
6
0
5
7
6
10
5
5
2
2
9
1
5
6
5
5
10
5
11
11
9
5
2
10
2
0
11
3
2
9
11
4
7
10
5
0
7
9
5
7
0
7
2
1
2
1
7
6
4
2
3
2
1
1
1
11
8
1
7
10
10
0
11
4
0
7
9
0
7
1
7
8
2
7
7
8
2
3
2
1
9
3
1
2
8
9
6
3
1
3
8
3
9
3
9
8
11
6
10
8
4
4
0
3
9
0
3
8
8
1
2
0
7
11
1
8
6
6
11
10
11
1
3
10
1
8
0
2
11
11
8
11
6
7
7
0
3
2
6
0
2
4
2
6
0
0
3
4
4
4
10
0
7
3
8
0
6
8
9
1
11
4
3
6
2
4
7
4
7
0
2
7
6
8
4
11
2
9
2
6
3
8
8
8
2
4
11
8
8
8
9
3
3
10
9
3
3
11
3
1
4
8
10
10
6
11
4
10
8
4
9
10
10
6
11
11
11
9
6
6
6
8
11
6
9
4
10
9
10
8
3
10
4
4
3
1
9
11
11
6
1
4
6
9
9
9
9
9
1
10
10
11
1
11
11
6
11
6
4
3
9
10
10
3
4
9
3
4
4
9
9
10
10
